2 0.57648 0.69636 0.078972 0.094684
2 0.4346 0.34293 0.061524 0.089787
2 0.31201 0.36497 0.056933 0.1306
2 0.24774 0.11928 0.088154 0.19427
2 0.3616 0.17723 0.051423 0.081624
2 0.31201 0.040102 0.045914 0.071829
1 0.82028 0.75105 0.017447 0.10285
1 0.87813 0.94042 0.03214 0.099582
1 0.9392 0.94287 0.022039 0.094684
1 0.7358 0.94776 0.015611 0.094684
1 0.69631 0.89063 0.019284 0.10121
1 0.65729 0.93797 0.025712 0.097949
1 0.57785 0.94613 0.019284 0.097949
1 0.50072 0.94532 0.017447 0.089787
1 0.48924 0.91756 0.023875 0.099582
1 0.38318 0.92736 0.02112 0.096317